!    ibrav = 0, nat = 63, ntyp = 2
CELL_PARAMETERS bohr
   13.4813062617124917    0.0000000000000000    0.0000000000000000
    0.0000000000000000   13.4813062617124917    0.0000000000000000
    0.0000000000000000    0.0000000000000000   13.4813062617124917
ATOMIC_SPECIES
  N   14.00670   N_ONCV_PBE-1.2.upf
  C   12.01070   C_ONCV_PBE-1.2.upf
ATOMIC_POSITIONS crystal
  N   0.0000000000000000  0.0000000000000000  0.0000000000000000
  C   0.0000000000000000  0.2500000000000000  0.2500000000000000
  C   0.1250000000000000  0.3750000000000000  0.3750000000000000
  C   0.2500000000000000  0.0000000000000000  0.2500000000000000
  C   0.3750000000000000  0.1250000000000000  0.3750000000000000
  C   0.2500000000000000  0.2500000000000000  0.0000000000000000
  C   0.3750000000000000  0.3750000000000000  0.1250000000000000
  C   0.0000000000000000  0.0000000000000000  0.5000000000000000
  C   0.1250000000000000  0.1250000000000000  0.6249999999999999
  C   0.0000000000000000  0.2485164642348642  0.7500000000000000
  C   0.1250000000000000  0.3750000000000000  0.8750000000000000
  C   0.2500000000000000  0.0000000000000000  0.7500000000000000
  C   0.3750000000000000  0.1250000000000000  0.8750000000000000
  C   0.2500000000000000  0.2500000000000000  0.5000000000000000
  C   0.3750000000000000  0.3750000000000000  0.6249999999999999
  C   0.0000000000000000  0.5000000000000000  0.0000000000000000
  C   0.1250000000000000  0.6249999999999999  0.1250000000000000
  C   0.0000000000000000  0.7500000000000000  0.2500000000000000
  C   0.1250000000000000  0.8750000000000000  0.3750000000000000
  C   0.2500000000000000  0.5000000000000000  0.2500000000000000
  C   0.3750000000000000  0.6249999999999999  0.3750000000000000
  C   0.2500000000000000  0.7500000000000000  0.0000000000000000
  C   0.3750000000000000  0.8750000000000000  0.1250000000000000
  C   0.0000000000000000  0.5000000000000000  0.5000000000000000
  C   0.1250000000000000  0.6249999999999999  0.6249999999999999
  C   0.0000000000000000  0.7500000000000000  0.7500000000000000
  C   0.1250000000000000  0.8750000000000000  0.8750000000000000
  C   0.2500000000000000  0.5000000000000000  0.7500000000000000
  C   0.3750000000000000  0.6249999999999999  0.8750000000000000
  C   0.2500000000000000  0.7500000000000000  0.5000000000000000
  C   0.3750000000000000  0.8750000000000000  0.6249999999999999
  C   0.5000000000000000  0.0000000000000000  0.0000000000000000
  C   0.6249999999999999  0.1250000000000000  0.1250000000000000
  C   0.5000000000000000  0.2500000000000000  0.2500000000000000
  C   0.6249999999999999  0.3750000000000000  0.3750000000000000
  C   0.7500000000000000  0.0000000000000000  0.2500000000000000
  C   0.8750000000000000  0.1250000000000000  0.3750000000000000
  C   0.7500000000000000  0.2500000000000000  0.0000000000000000
  C   0.8750000000000000  0.3750000000000000  0.1250000000000000
  C   0.5000000000000000  0.0000000000000000  0.5000000000000000
  C   0.6249999999999999  0.1250000000000000  0.6249999999999999
  C   0.5000000000000000  0.2500000000000000  0.7500000000000000
  C   0.6249999999999999  0.3750000000000000  0.8750000000000000
  C   0.7500000000000000  0.0000000000000000  0.7500000000000000
  C   0.8750000000000000  0.1250000000000000  0.8750000000000000
  C   0.7500000000000000  0.2500000000000000  0.5000000000000000
  C   0.8750000000000000  0.3750000000000000  0.6249999999999999
  C   0.5000000000000000  0.5000000000000000  0.0000000000000000
  C   0.6249999999999999  0.6249999999999999  0.1250000000000000
  C   0.5000000000000000  0.7500000000000000  0.2500000000000000
  C   0.6249999999999999  0.8750000000000000  0.3750000000000000
  C   0.7500000000000000  0.5000000000000000  0.2500000000000000
  C   0.8750000000000000  0.6249999999999999  0.3750000000000000
  C   0.7500000000000000  0.7500000000000000  0.0000000000000000
  C   0.8750000000000000  0.8750000000000000  0.1250000000000000
  C   0.5000000000000000  0.5000000000000000  0.5000000000000000
  C   0.6249999999999999  0.6249999999999999  0.6249999999999999
  C   0.5000000000000000  0.7500000000000000  0.7500000000000000
  C   0.6249999999999999  0.8750000000000000  0.8750000000000000
  C   0.7500000000000000  0.5000000000000000  0.7500000000000000
  C   0.8750000000000000  0.6249999999999999  0.8750000000000000
  C   0.7500000000000000  0.7500000000000000  0.5000000000000000
  C   0.8750000000000000  0.8750000000000000  0.6249999999999999